119
105
547
396
96
118
680
377
135
88
114
186
732
701
128
573
108
95
363
661
507
709
117
66
369
113
148
725
290
106
322
275
566
297
154
690
145
658
124
561
550
176
86
359
79
567
348
312
192
136
477
137
202
352
197
158
270
185
7
484
387
146
89
339
444
147
268
193
191
344
416
102
545
756
97
705
329
251
155
338
262
98
244
665
353
382
214
440
157
125
107
330
778
273
252
159
6
515
123
115
129
142
188
274
94
122
215
328
200
463
327
385
548
351
607
164
712
151
246
453
627
493
203
181
182
57
394
574
509
722
261
175
28
324
178
183
221
134
5
150
112
417
169
161
538
544
116
240
367
257
659
390
201
93
280
713
163
173
111
308
293
467
131
167
153
422
485
160
451
449
1
629
168
174
104
198
506
245
343
109
480
413
130
2
356
391
355
504
281
224
263
166
0
473
19
762
139
132
459
336
172
141
253
248
374
340
706
56
90
358
430
610
110
92
401
341
196
162
120
349
652
250
242
465
231
101
260
395
18
462
503
3
482
127
471
468
180
783
171
345
466
207
423
279
434
144
133
313
321
165
91
265
199
87
156
143
194
726
326
170
46
190
604
496
247
138
267
335
230
195
350
406
65
408
235
622
258
380
99
301
755
514
184
189
379
255
323
264
474
269
653
309
277
513
243
407
292
483
35
121
234
152
266
464
320
303
571
126
278
497
539
372
426
272
764
499
360
342
347
511
400
187
623
271
276
784
376
761
223
404
226
51
487
410
435
254
456
532
438
768
662
149
655
528
60
332
429
402
646
259
337
83
72
608
476
441
219
69
758
431
397
310
469
537
572
314
500
103
437
551
533
460
354
710
50
512
282
399
54
346
249
55
287
481
490
319
495
790
498
311
420
541
318
508
333
478
77
450
316
686
357
331
644
48
398
59
373
675
628
78
445
458
412
17
295
27
475
284
220
229
418
62
304
49
510
212
488
501
403
428
393
84
446
424
325
286
236
38
411
486
53
494
61
505
288
365
525
733
425
491
442
67
763
302
715
502
516
4
452
370
216
492
22
383
630
419
45
68
85
439
448
535
294
470
436
731
218
64
384
21
208
217
362
405
479
591
427
619
71
378
679
663
237
76
52
47
238
549
765
739
392
361
291
432
70
386
233
684
767
443
375
605
664
307
521
206
213
63
540
738
447
24
415
241
368
177
414
364
461
457
757
15
211
654
232
228
649
73
227
205
389
517
74
454
204
421
433
30
749
700
472
317
8
592
546
789
530
81
788
603
766
306
597
285
707
80
721
58
239
687
283
289
222
82
39
777
596
519
16
409
75
388
518
209
315
775
609
455
688
711
381
522
704
735
23
33
672
210
599
41
520
719
34
754
296
750
225
32
29
737
734
785
11
298
673
9
575
682
40
642
691
563
587
42
780
14
44
774
611
299
660
36
751
714
668
598
647
643
708
747
635
746
771
10
529
639
600
20
570
37
650
366
636
723
669
637
576
25
736
534
13
606
536
676
683
371
300
580
12
305
559
752
666
625
555
689
557
696
753
568
632
742
651
745
631
594
562
26
779
617
43
560
692
740
552
695
699
612
584
681
523
558
31
579
624
702
621
589
685
697
716
569
554
772
634
593
581
674
648
614
595
776
693
703
588
633
698
618
787
578
769
786
577
531
616
728
671
543
556
730
626
748
615
527
718
720
656
694
564
677
526
620
657
727
100
729
743
179
602
542
717
583
724
256
670
524
782
645
553
613
741
582
678
773
759
140
638
586
565
770
781
641
334
489
760
640
667
744
585
590
601
