119
377
611
221
89
313
607
438
551
114
378
573
94
359
316
235
629
732
297
622
124
207
661
117
112
437
369
222
547
285
72
574
550
105
566
567
176
658
280
290
449
192
46
623
332
665
642
135
395
102
252
110
778
361
386
96
7
111
163
355
275
238
116
456
165
680
55
604
544
315
250
444
561
274
129
336
198
230
398
86
329
178
468
136
62
209
267
145
108
595
318
182
273
515
146
738
453
154
272
344
484
227
281
106
213
107
351
328
164
123
1
90
300
197
462
6
708
158
477
109
270
186
725
134
541
203
236
483
115
166
88
121
659
251
245
466
514
357
258
98
183
169
148
193
5
237
497
675
159
87
167
451
261
688
93
99
151
459
268
97
391
118
366
188
130
181
160
128
464
142
279
356
465
161
91
244
430
132
95
137
408
122
152
482
202
101
125
790
0
327
162
352
262
394
120
242
139
171
491
173
455
126
175
174
190
113
439
572
57
27
264
440
191
460
228
127
2
480
506
208
168
92
131
320
150
610
687
510
104
253
485
360
184
180
149
157
155
588
512
210
13
348
548
189
419
651
214
475
74
201
474
240
314
196
243
224
133
495
195
77
265
226
660
141
737
467
219
393
492
170
277
493
3
249
481
234
549
508
156
545
199
200
504
138
39
476
185
194
345
147
338
323
500
349
271
284
172
278
303
21
187
321
390
380
217
733
517
458
248
784
431
516
310
503
246
507
276
225
734
534
330
266
376
322
259
571
263
247
342
486
447
423
204
231
766
143
346
254
255
144
373
205
713
79
4
539
406
358
490
103
340
384
153
498
206
28
469
505
372
293
416
764
347
223
518
762
461
40
311
761
511
768
662
407
260
257
521
499
457
442
367
513
399
10
211
487
418
509
537
233
335
463
81
450
218
83
295
722
478
413
232
396
212
765
767
269
479
575
229
783
304
753
443
331
392
446
76
326
385
383
353
292
239
333
35
501
409
538
312
400
587
32
628
424
471
502
26
422
363
429
494
410
34
426
454
308
177
324
528
8
441
619
522
488
435
436
343
473
84
428
56
49
420
341
653
655
445
496
433
710
287
405
15
452
306
714
374
726
519
220
241
325
350
520
411
715
78
663
45
417
425
379
763
337
85
434
535
354
745
716
533
339
302
18
375
50
291
709
288
608
31
33
38
739
758
14
404
69
448
427
48
71
368
523
546
60
42
401
529
749
652
215
712
36
47
679
216
402
22
9
43
364
432
382
654
600
286
388
526
412
58
24
11
630
283
530
30
319
470
309
51
627
472
23
16
777
65
403
414
536
37
381
540
686
17
757
59
421
66
41
299
82
756
415
63
731
746
294
589
603
581
362
52
664
370
636
576
387
20
19
29
631
532
317
755
634
44
599
296
54
580
754
579
301
706
67
524
365
307
305
774
554
75
582
389
525
25
605
53
751
12
282
568
70
596
298
591
742
61
64
735
562
80
646
609
684
73
289
647
789
592
635
397
558
721
788
736
557
648
597
750
632
577
584
563
643
594
68
785
705
598
740
560
650
668
780
747
542
559
787
593
681
633
786
637
707
752
543
570
555
606
578
685
682
569
719
692
693
371
699
702
624
698
676
776
723
771
673
552
677
683
695
711
531
649
615
703
672
769
704
691
657
100
625
256
697
741
700
656
621
666
626
730
614
772
669
640
728
743
618
696
645
641
748
671
612
639
775
644
779
760
729
556
701
717
674
527
617
773
690
678
564
718
759
489
565
670
724
140
720
744
638
689
694
782
586
334
553
667
616
585
601
590
613
602
770
179
781
727
620
583
