551
538
758
237
119
573
403
281
166
768
658
611
267
518
567
503
125
46
191
89
378
321
182
354
124
486
711
185
652
451
345
94
444
327
467
112
627
705
774
629
459
116
335
268
208
72
238
197
498
408
623
482
680
509
732
480
628
377
102
749
604
391
730
222
719
85
184
178
249
78
257
655
55
122
235
685
363
777
735
330
475
454
466
201
527
239
490
438
665
728
364
275
448
50
135
440
763
399
317
539
598
577
140
681
79
544
721
718
432
439
242
750
694
586
608
769
624
71
3
455
100
564
790
5
395
720
504
549
606
109
315
726
121
437
2
84
499
423
425
272
161
230
409
523
256
571
453
785
602
638
505
165
572
359
465
390
183
512
449
62
313
609
710
195
716
398
163
765
456
274
668
407
458
739
117
543
515
436
404
723
350
780
663
243
462
772
251
56
316
344
286
186
426
244
247
513
706
461
160
693
34
58
47
547
737
709
145
260
553
744
740
228
699
105
7
701
393
293
447
176
783
672
757
632
151
548
734
637
727
389
667
54
76
601
252
708
738
596
570
775
215
139
597
511
434
169
333
250
510
258
343
474
400
729
332
61
590
614
19
202
756
422
755
761
65
713
265
351
617
554
48
646
587
21
661
640
481
280
287
353
476
641
684
131
582
741
487
154
484
507
192
743
221
88
690
77
605
338
479
771
731
559
595
635
371
565
106
334
97
776
619
128
531
561
175
557
558
388
583
541
200
255
696
18
786
207
352
394
28
717
26
74
17
60
714
625
39
358
433
339
53
430
322
212
616
282
396
240
245
514
560
254
173
566
167
493
736
489
580
162
770
472
678
676
707
292
90
232
236
384
225
722
196
24
751
32
337
136
38
340
312
303
217
261
264
266
297
271
288
278
137
57
300
0
692
568
712
506
492
542
613
452
488
691
657
485
600
647
311
585
92
91
41
95
35
704
37
36
323
325
500
331
789
533
82
615
283
69
63
253
697
273
276
521
700
478
784
779
781
471
470
291
747
526
620
234
189
29
650
68
417
654
126
12
556
356
383
562
555
381
170
155
766
11
370
180
414
762
429
25
589
764
588
428
581
146
411
592
123
576
501
746
745
682
158
579
622
524
742
502
578
584
674
516
591
782
188
528
209
607
688
108
540
753
603
689
101
687
99
537
110
752
760
210
120
675
96
599
172
594
686
219
778
168
569
87
546
226
618
118
397
67
66
424
23
348
347
653
342
669
441
443
310
664
31
329
445
33
319
318
457
421
22
656
416
401
1
392
405
788
6
382
379
724
376
373
15
365
415
362
361
360
314
442
40
703
263
626
679
631
633
477
634
469
468
642
644
299
494
306
43
44
464
767
8
673
9
630
10
59
16
73
13
593
14
670
645
70
787
127
4
129
130
671
662
42
132
133
134
64
648
612
660
659
75
86
773
83
103
610
30
104
651
677
27
107
643
81
49
80
45
51
98
111
52
113
20
114
93
636
115
621
649
639
198
138
307
702
298
301
302
304
305
308
141
309
463
460
320
450
446
296
295
294
290
289
473
285
284
279
483
277
698
270
269
491
495
496
324
326
328
367
402
406
410
387
386
385
412
380
413
375
374
372
369
368
366
733
725
357
355
418
419
420
349
346
427
341
431
715
435
336
262
497
259
683
194
193
545
190
187
550
552
759
181
179
177
174
563
171
164
199
574
575
159
157
156
153
152
150
149
148
147
144
143
142
754
203
695
227
508
517
248
519
246
520
522
241
525
748
233
231
229
529
530
204
224
223
532
220
218
534
216
535
214
213
536
211
206
205
666
